              precision    recall  f1-score   support

           0       0.00      0.00      0.00    146796
           1       0.25      0.05      0.08    141002
           2       0.00      0.00      0.00     30783
           3       0.05      0.01      0.02     31906
           4       0.08      0.00      0.00     33096
           5       0.11      0.02      0.03     60217
           6       0.02      0.21      0.03      6078
           7       0.04      0.15      0.07     22332
           8       0.20      0.02      0.04     68609
           9       0.05      0.21      0.09     25323
          10       0.02      0.29      0.04     10705
          11       0.02      0.03      0.03     16259
          12       0.01      0.08      0.01      2829
          13       0.08      0.31      0.12     33930

    accuracy                           0.05    629865
   macro avg       0.07      0.10      0.04    629865
weighted avg       0.10      0.05      0.04    629865
